3640 3437
1186 107
2395 1912
3240 1684
2027 1912
1575 107
3511 3437
3356 1684
515 348
94 0
1737 107
1979 1912
916 107
2681 1684
1350 107
3130 1684
2282 1912
1192 107
3526 3437
1467 107
765 686
3400 1684
2036 1912
1585 107
2837 1684
1868 107
3769 3437
1625 107
3780 3437
1998 1912
3017 1684
136 0
3412 1684
3378 1684
2607 1912
1914 1912
2185 1912
3272 1684
1402 107
2336 1912
1247 107
1246 107
389 107
2697 1684
1124 107
3302 1684
1487 107
1243 107
425 348
3542 3437
3940 3437
429 348
2619 1912
1804 107
2594 1912
1141 107
395 348
3957 3437
431 348
675 414
1772 107
2861 1684
1819 107
957 107
1538 107
3291 1684
2484 1912
1271 107
3174 1684
1821 107
3206 1684
685 414
2236 1912
962 107
1707 107
728 686
3967 3437
3101 1684
3188 1684
2891 1684
1163 107
1161 107
1799 107
2129 1912
695 686
3579 3437
3214 1684
1278 107
978 107
2806 1684
3351 1684
2262 1912
1448 107
583 414
1841 107
2894 1684
1321 107
1562 107
3506 3437
2538 1912
## Evaluation: testTotal: 500, predTotal: 100, correctPredict: 16, precisions: 16.0%, recalls: 3.2%
## The average running times for each target user : 0.466 seconds.
## The whole program's execution time: 48.28 seconds.
