3640 3437 3545
1186 107 901
2395 1912 1941
3240 1684 2742
2027 1912 136
1575 107 1104
3511 3437 3506
3356 1684 2724
515 348 483
94 0 25
1737 107 1086
1979 1912 1941
916 107
2681 1684 2679
1350 107 896
3130 1684 3084
2282 1912 1941
1192 107 483
3526 3437 3521
1467 107 1086
765 686 697
3400 1684 2754
2036 1912 1926
1585 107 1431
2837 1684 2683
1868 107 1086
3769 3437 3521
1625 107 483
3780 3437 3596
1998 1912 136
3017 1684 2742
136 0 56
3412 1684 2730
3378 1684 2742
2607 1912 1941
1914 1912
2185 1912 2047
3272 1684 2661
1402 107 1086
2336 1912 1941
1247 107 1032
1246 107 917
389 107 348
2697 1684 2696
1124 107 925
3302 1684 2661
1487 107 483
1243 107 1086
425 348 373
3542 3437 3488
3940 3437 3475
429 348 372
2619 1912 1941
1804 107 1086
2594 1912 1941
1141 107 924
395 348 376
3957 3437 3830
431 348 414
675 414 578
1772 107 1199
2861 1684 2799
1819 107 1126
957 107 917
1538 107 925
3291 1684 2742
2484 1912 1985
1271 107 1086
3174 1684 2754
1821 107 1126
3206 1684 2742
685 414 422
2236 1912 1964
962 107 483
1707 107 1086
728 686 705
3967 3437 3500
3101 1684 2742
3188 1684 2742
2891 1684 2782
1163 107 1086
1161 107 951
1799 107 1086
2129 1912 1960
695 686 694
3579 3437 3465
3214 1684 2793
1278 107 1126
978 107 925
2806 1684 2754
3351 1684 2742
2262 1912 2056
1448 107 896
583 414 578
1841 107 896
2894 1684 2742
1321 107 1124
1562 107 1126
3506 3437 3486
2538 1912 136
## Evaluation: testTotal: 500, predTotal: 198, correctPredict: 33, precisions: 16.666666666666664%, recalls: 6.6000000000000005%
## The average running times for each target user : 0.5 seconds.
## The whole program's execution time: 51.665 seconds.
