3640 3437 3545 3596 3604 3448
1186 107 901 903 1097 1118
2395 1912 1941 1985 1917 1943
3240 1684 2742 2719 2716 2793
2027 1912 136 1972 1951 1927
1575 107 1104 1128 913 1472
3511 3437 3506 3507
3356 1684 2724 3002 3019 2728
515 348 483 414 376 353
94 0 25 53 80 92
1737 107 1086 1126 925 946
1979 1912 1941 1917 1943 1938
916 107
2681 1684 2679
1350 107 896 1104 1128 1277
3130 1684 3084 2663 3104 2807
2282 1912 1941 2047 1577 2007
1192 107 483 1086 896 1014
3526 3437 3521 3442 3455 3475
1467 107 1086 1126 946 1199
765 686 697 703 747 728
3400 1684 2754 2683 2738 2698
2036 1912 1926 1964 2031 1977
1585 107 1431 1272 1123 1337
2837 1684 2683 2807 2726 2809
1868 107 1086 1126 946 1199
3769 3437 3521 3455 3599 3629
1625 107 483 641 930 1427
3780 3437 3596 3577 3684 3525
1998 1912 136 1972 1951 1919
3017 1684 2742 2719 2716 2778
136 0 56 21 67 122
3412 1684 2730 2951 2724 3002
3378 1684 2742 2719 2778 2748
2607 1912 1941 1917 1943 1938
1914 1912
2185 1912 2047 2133 1718 2038
3272 1684 2661 2778 2833 2828
1402 107 1086 1126 946 1199
2336 1912 1941 1985 2047 1577
1247 107 1032 1052 913 1217
1246 107 917 1159 1041 1183
389 107 348 369 357 381
2697 1684 2696
1124 107 925 1078 1017 1006
3302 1684 2661 2730 2748 3101
1487 107 483 376 1377 953
1243 107 1086 1126 925 946
425 348 373 395 402 423
3542 3437 3488 3514 3518 3528
3940 3437 3475 3542 3471 3672
429 348 372
2619 1912 1941 1985 1917 1943
1804 107 1086 1126 925 946
2594 1912 1941 2047 1577 2111
1141 107 924 1010 1090
395 348 376 366 373 370
3957 3437 3830 3465 3571 3519
431 348 414 376 353 366
675 414 578 577 583 582
1772 107 1199 993 1352 1132
2861 1684 2799 2776
1819 107 1126 925 946 1059
957 107 917 896 637 902
1538 107 925 946 1199 1078
3291 1684 2742 2661 2719 2716
2484 1912 1985 1917 1943 1938
1271 107 1086 1126 1199 1078
3174 1684 2754 2839 2669 2679
1821 107 1126 1199 1078 1017
3206 1684 2742 2661 2719 2716
685 414 422 579 592 573
2236 1912 1964 1960 2126 1975
962 107 483 428 641 930
1707 107 1086 1126 946 1199
728 686 705 719 703 687
3967 3437 3500 3478 3474 3587
3101 1684 2742 2661 2719 2716
3188 1684 2742 2661 2716 2833
2891 1684 2782 2877 2706 2866
1163 107 1086 1126 946 1078
1161 107 951 1038
1799 107 1086 1126 925 946
2129 1912 1960 2126 2091 2035
695 686 694 688 693
3579 3437 3465 3571 3519 3476
3214 1684 2793 2730 2863 2951
1278 107 1126 1059 1184 1079
978 107 925 916 966 947
2806 1684 2754 2694 2664 2782
3351 1684 2742 2661 2719 2793
2262 1912 2056 2092 2147 2067
1448 107 896 1104 637 1277
583 414 578 577 582 576
1841 107 896 1104 1204 1277
2894 1684 2742 2661 2719 2778
1321 107 1124 1255 1214 1110
1562 107 1126 947 979 1138
3506 3437 3486 3463 3458 3493
2538 1912 136 1954 2268 1972
## Evaluation: testTotal: 500, predTotal: 475, correctPredict: 71, precisions: 14.947368421052632%, recalls: 14.2%
## The average running times for each target user : 0.486 seconds.
## The whole program's execution time: 50.206 seconds.
