3640 3437 3830
1186 107 1837
2395 1912 2266
3240 1684 2742
2027 1912 2364
1575 107 483
3511 3437 3793
3356 1684 2951
515 348 107
94 0 322
1737 107 1888
1979 1912 2266
916 107 1888
2681 1684 2839
1350 107 896
3130 1684 2839
2282 1912 2047
1192 107 896
3526 3437 3521
1467 107 1888
765 686 828
3400 1684 2839
2036 1912 2047
1585 107 1431
2837 1684 2839
1868 107 1888
3769 3437 3521
1625 107 483
3780 3437 3830
1998 1912 2364
3017 1684 2742
136 1912 0
3412 1684 2951
3378 1684 2742
2607 1912 2266
1914 1912 2364
2185 1912 2047
3272 1684 2742
1402 107 1888
2336 1912 2047
1247 107 483
1246 107 917
389 107 348
2697 1684 3291
1124 107 1888
3302 1684 2742
1487 107 483
1243 107 1888
425 348 376
3542 3437 3830
3940 3437 3830
429 348 376
2619 1912 2266
1804 107 1888
2594 1912 2047
1141 107 1472
395 348 376
3957 3437 3918
431 348 107
675 414 661
1772 107 1888
2861 1684 3141
1819 107 1888
957 107 896
1538 107 1888
3291 1684 2742
2484 1912 2266
1271 107 1888
3174 1684 2839
1821 107 1888
3206 1684 2742
685 414 592
2236 1912 2313
962 107 483
1707 107 1888
728 686 828
3967 3437 3933
3101 1684 2742
3188 1684 2742
2891 1684 2839
1163 107 1888
1161 107 1888
1799 107 1888
2129 1912 2313
695 686 828
3579 3437 3918
3214 1684 2742
1278 107 1888
978 107 1888
2806 1684 2839
3351 1684 2742
2262 1912 2347
1448 107 896
583 414 600
1841 107 896
2894 1684 2742
1321 107 1888
1562 107 1889
3506 3437 3793
2538 1912 2364
## Evaluation:  testTotal: 500 predTotal: 200 correctPredict: 23 precisions(%): 11.5 recalls(%): 4.6
## The average running times for each target user : 2.261 seconds.
## The whole program's execution time: 227.8 seconds.
