3640 3437 3830 3596 3545 3938
1186 107 1837 1733 1548 1097
2395 1912 2266 2142 2233 2206
3240 1684 2742 3101 3082 3397
2027 1912 2364 2171 1951 1972
1575 107 483 917 1783 1888
3511 3437 3793 3584 3593 3906
3356 1684 2951 3291 3397 3101
515 348 107 376 483 475
94 0 322 53 346 56
1737 107 1888 1800 1663 1352
1979 1912 2266 2142 2233 2206
916 107 1888 1800 1663 1352
2681 1684 2839 3363 2754 3426
1350 107 896 1277 1104 1235
3130 1684 2839 3363 2754 3090
2282 1912 2047 2384 2111 2199
1192 107 896 1277 1104 1235
3526 3437 3521 3442 3455 3629
1467 107 1888 1800 1663 1352
765 686 828 713 705 805
3400 1684 2839 3363 2754 3426
2036 1912 2047 2384 2111 2199
1585 107 1431 1888 1684 1800
2837 1684 2839 3363 2754 3426
1868 107 1888 1800 1663 1352
3769 3437 3521 3442 3455 3629
1625 107 483 348 376 475
3780 3437 3830 3596 3938 3545
1998 1912 2364 2171 1951 1972
3017 1684 2742 3101 3082 3397
136 1912 0 2384 2047 2111
3412 1684 2951 3291 3397 3101
3378 1684 2742 3101 3082 3397
2607 1912 2266 2142 2233 2206
1914 1912 2364 2171 1951 1972
2185 1912 2047 2384 2111 2199
3272 1684 2742 3101 3082 3397
1402 107 1888 1800 1663 1352
2336 1912 2047 2384 2111 2199
1247 107 483 917 1783 896
1246 107 917 483 1783 1472
389 107 348 483 376 563
2697 1684 3291 3101 2742 3397
1124 107 1888 1800 1663 1352
3302 1684 2742 3101 3082 3397
1487 107 483 348 376 475
1243 107 1888 1800 1663 1352
425 348 376 483 107 475
3542 3437 3830 3596 3545 3938
3940 3437 3830 3596 3545 3938
429 348 376 475 483 412
2619 1912 2266 2142 2233 2206
1804 107 1888 1800 1663 1352
2594 1912 2047 2384 2111 2199
1141 107 1472 917 1703 1070
395 348 376 414 107 483
3957 3437 3918 3759 3757 3774
431 348 107 376 483 475
675 414 661 600 627 658
1772 107 1888 1800 1663 1352
2861 1684 3141 3053 3105 3200
1819 107 1888 1800 1663 1352
957 107 896 1277 1104 1235
1538 107 1888 1800 1663 1352
3291 1684 2742 3101 3082 3397
2484 1912 2266 2142 2233 2206
1271 107 1888 1800 1663 1352
3174 1684 2839 3363 2754 3426
1821 107 1888 1800 1663 1352
3206 1684 2742 3101 3082 3397
685 414 592 579 630 573
2236 1912 2313 2047 2126 2361
962 107 483 348 376 475
1707 107 1888 1800 1663 1352
728 686 828 705 713 805
3967 3437 3933 3500 3791 3747
3101 1684 2742 3101 3082 3397
3188 1684 2742 3101 3082 3397
2891 1684 2839 3363 2754 3426
1163 107 1888 1800 1663 1352
1161 107 1888 1800 1663 1352
1799 107 1888 1800 1663 1352
2129 1912 2313 2047 2126 2361
695 686 828 713 705 805
3579 3437 3918 3759 3757 3774
3214 1684 2742 3101 3291 3397
1278 107 1888 1800 1663 1352
978 107 1888 1800 1663 1352
2806 1684 2839 3363 2754 3426
3351 1684 2742 3101 3082 3397
2262 1912 2347 2266 2543 2142
1448 107 896 1277 1104 1235
583 414 600 661 627 658
1841 107 896 1277 1104 1235
2894 1684 2742 3101 3082 3397
1321 107 1888 1800 1663 1352
1562 107 1889 1177 1138 1499
3506 3437 3793 3584 3593 3906
2538 1912 2364 2171 1951 1972
## Evaluation:  testTotal: 500 predTotal: 500 correctPredict: 38 precisions(%): 7.6 recalls(%): 7.6
## The average running times for each target user : 2.24 seconds.
## The whole program's execution time: 225.678 seconds.
