3483 3437
1183 1127
3913 3790
475 390
2821 2810
2149 2111
2267 2111
3114 2890
238 56
3630 3437
118 0
515 391
2828 2823
519 481
1978 1936
19 0
2562 2107
2561 2276
3495 3449
3095 2877
1107 1074
3804 3681
2557 2133
1985 1943
2555 2032
2676 2669
1587 1583
522 455
489 481
1069 1006
3004 2909
526 493
804 782
2956 2669
1867 1340
3541 3538
3383 3190
1118 992
1359 1063
2447 2011
1753 1185
2566 2232
3015 2832
777 709
3655 3437
1638 1066
3778 3437
2187 2111
3550 3437
2181 2129
3307 3035
1523 1440
1401 1017
2853 2661
2335 2070
1526 1080
3837 3571
2228 1964
310 0
2501 2111
158 22
1774 1384
2224 2191
1496 1121
954 896
1813 1184
4023 3980
2120 2107
2085 1964
1789 1341
2876 1684
3601 3437
2753 2742
1388 1361
1662 1185
1266 1138
1306 1066
1165 1029
3979 3626
1954 1919
3738 3464
972 960
698 686
2002 1932
856 772
3731 3670
1718 1440
3734 3684
2802 1684
460 391
343 44
3348 2909
1324 1066
863 861
3586 3475
747 696
628 583
3508 3505
3506 3437
1449 1341
## Evaluation:  testTotal: 500 predTotal: 100 correctPredict: 15 precisions(%): 15.0 recalls(%): 3.0
## The average running times for each target user : 0.498 seconds.
## The whole program's execution time: 51.509 seconds.
