3483 3437
1183 107 917 1070 606 1159
3913 3437 3545 3596 3604 3488
475 107 348 414 376 353
2821 1684 2729 2810 2731 2794
2149 1912 2047 1577 2007 2111
2267 1912 2047 1577 2007 2111
3114 1684 2786 2877 2738 2890
238 0 56 98 13 82
3630 3437 3464 3529 3460 3469
118 0 56 26 67 98
515 348 483 414 376 353
2828 1684 2742 2661 2719 2716
519 348 376 475 355 500
1978 1912 1936
19 0 17
2562 1912 2313 2107 2049 1936
2561 1912 1941 1985 1917 1943
3495 3437 1085 3448 3456 3449
3095 1684 2877 2854 2759 2851
1107 107 1078 1059 1006 966
3804 3437 3545 3596 3604 3448
2557 1912 2047 2133 2117 2199
1985 1912 1941 1917 1943 1983
2555 1912 1941 2047 1577 2007
2676 1684 2669 2664 2666
1587 107 896 1104 1204 1277
522 348 504 455 481 429
489 348 376 475 422 355
1069 107 916 1006 960 1040
3004 1684 2754 2839 2669 2679
526 107 348 483 376 353
804 686 698 747 729 763
2956 1684 2754 2839 2669 2679
1867 107 1086 1126 925 946
3541 3437 3538 3473
3383 1684 2690 2783 3146 2841
1118 107 901 903 1097 963
1359 107 1199 1078 993 1117
2447 1912 136 2268 1972 1951
1753 107 1086 1126 925 946
2566 1912 2047 1926 2038 1964
3015 1684 2716 2936 2881 2832
777 686 713 697 688 695
3655 3437 3500 3478 3587 3641
1638 107 483 896 1014 1104
3778 3437 3521 3442 3455 3629
2187 1912 1941 2047 1577 2007
3550 3437 1085 3521 3525 862
2181 1912 2126 2129 2146 2120
3307 1684 2730 3035 2780 2758
1523 107 1126 925 1059 916
1401 107 1017 1156 1330 1291
2853 1684 2661 2719 2716 2793
2335 1912 2047 1964 1960 2126
1526 107 637 1110 1080 930
3837 3437 3465 3571 3519 3612
2228 1912 2199 1964 1960 1975
310 0 41 14 17 28
2501 1912 2142 2069 2111 2054
158 0 25 26 67 40
1774 107 925 980 1124 1376
2224 1912 1941 2047 1577 2007
1496 107 1070 1052 1159 924
954 107 483 917 896 942
1813 107 1086 1126 925 1199
4023 3980 3982 3998 3994 3981
2120 1912 1960 2107 2082 1922
2085 1912 2047 1926 1964 1982
1789 107 1086 1199 1078 1059
2876 1684 2661 2848 2791
3601 3437 3593 3464 3468 3529
2753 1684 2742 2719 2716 2748
1388 107 1006 1107 1153 1117
1662 107 1086 1126 946 1199
1266 107 1055 1050 1138
1306 107 1070 1066 1159 1041
1165 107 1146 1029 1085 1098
3979 3437 3674 3610 3522 3592
1954 1912 1577 1945 1926 1718
3738 3437 3558 3593 3464 3529
972 107 916 960 959
698 686 697
2002 1912 1941 1577 1945 1926
856 686 698 697 688 703
3731 3437 3545 3596 3604 3488
1718 107 925 1126 1577 916
3734 3437 3545 3596 3495 3604
2802 1684 2693
460 348 376 353 366 428
343 0 41 14 19 115
3348 1684 2754 2839 2669 2694
1324 107 483 917 896 1014
863 698 729 804 856 861
3586 3437 3545 3495 3448 3456
747 686 698 705 713 719
628 414 583 599 600 615
3508 3437 3442 3505 3500 3472
3506 3437 3486 3463 3458 3493
1449 107 1086 925 1126 946
## Evaluation: testTotal: 500, predTotal: 478, correctPredict: 83, precisions: 17.364016736401673%, recalls: 16.6%
## The average running times for each target user : 0.473 seconds.
## The whole program's execution time: 48.94 seconds.
