3483107 3437 0 1684 1912

1183107 3437 0 1684 1912

3913107 3437 0 1684 1912

475107 3437 0 1684 1912

2821107 3437 0 1684 1912

2149107 3437 0 1684 1912

2267107 3437 0 1684 1912

3114107 3437 0 1684 1912

238107 3437 0 1684 1912

3630107 3437 0 1684 1912

118107 3437 0 1684 1912

515107 3437 0 1684 1912

2828107 3437 0 1684 1912

519107 3437 0 1684 1912

1978107 3437 0 1684 1912

19107 3437 0 1684 1912

2562107 3437 0 1684 1912

2561107 3437 0 1684 1912

3495107 3437 0 1684 1912

3095107 3437 0 1684 1912

1107107 3437 0 1684 1912

3804107 3437 0 1684 1912

2557107 3437 0 1684 1912

1985107 3437 0 1684 1912

2555107 3437 0 1684 1912

2676107 3437 0 1684 1912

1587107 3437 0 1684 1912

522107 3437 0 1684 1912

