3483 3437
1183 107
3913 3437
475 348
2821 1684
2149 1912
2267 1912
3114 1684
238 0
3630 3437
118 0
515 348
2828 1684
519 348
1978 1912
19 0
2562 1912
2561 1912
3495 3437
3095 1684
1107 107
3804 3437
2557 1912
1985 1912
2555 1912
2676 1684
1587 107
522 348
489 348
1069 107
3004 1684
526 107
804 686
2956 1684
1867 107
3541 3437
3383 1684
1118 107
1359 107
2447 1912
1753 107
2566 1912
3015 1684
777 686
3655 3437
1638 107
3778 3437
2187 1912
3550 3437
2181 1912
3307 1684
1523 107
1401 107
2853 1684
2335 1912
1526 107
3837 3437
2228 1912
310 0
2501 1912
158 0
1774 107
2224 1912
1496 107
954 107
1813 107
4023 3980
2120 1912
2085 1912
1789 107
2876 1684
3601 3437
2753 1684
1388 107
1662 107
1266 107
1306 107
1165 107
3979 3437
1954 1912
3738 3437
972 107
698 686
2002 1912
856 686
3731 3437
1718 1912
3734 3437
2802 1684
460 348
343 0
3348 1684
1324 107
863 698
3586 3437
747 686
628 414
3508 3437
3506 3437
1449 107
## Evaluation:  testTotal: 500 predTotal: 100 correctPredict: 15 precisions(%): 15.0 recalls(%): 3.0
## The average running times for each target user : 2.248 seconds.
## The whole program's execution time: 226.404 seconds.
