3483 3437 3793 3584 3593 3758
1183 107 1472 483 917 1783
3913 3437 3830 3596 3545 3938
475 348 107 483 376 475
2821 1684 2839 3363 2754 3426
2149 1912 2047 2384 2111 2199
2267 1912 2047 2384 2111 2199
3114 1684 2839 3363 2754 3426
238 0 56 67 271 322
3630 3437 3793 3584 3758 3829
118 0 56 67 271 322
515 348 107 376 483 414
2828 1684 3101 2742 3291 3082
519 348 376 483 475 414
1978 1912 2313 2047 2126 1960
19 0 312 41 326 115
2562 1912 2313 2047 2126 1960
2561 1912 2266 2142 2233 2206
3495 3437 3830 3596 3938 3545
3095 1684 2839 3363 2754 3426
1107 107 1888 1800 1663 1352
3804 3437 3830 3596 3545 3938
2557 1912 2047 2384 2111 2199
1985 1912 2266 2347 2142 2233
2555 1912 2047 2384 2111 2199
2676 1684 2839 3363 2754 3426
1587 107 896 1277 1104 1235
522 348 376 475 483 412
489 348 376 483 475 414
1069 107 1888 1800 1663 1352
3004 1684 2839 3363 2754 3426
526 107 348 483 376 1888
804 686 698 828 713 705
2956 1684 2839 3363 2754 3426
1867 107 1888 1800 1663 1352
3541 3437 3628 3538 3725 3743
3383 1684 3101 3291 3082 3397
1118 107 1837 1733 1548 1097
1359 107 1888 1800 1663 1352
2447 1912 2171 2364 1951 1972
1753 107 1888 1800 1663 1352
2566 1912 2047 2384 2111 2199
3015 1684 3101 3291 3082 2742
777 686 828 713 705 805
3655 3437 3933 3500 3747 3791
1638 107 896 1277 1104 1204
3778 3437 3521 3442 3455 3629
2187 1912 2047 2384 2111 2199
3550 3437 3830 3596 3938 3545
2181 1912 2313 2047 2126 1960
3307 1684 3101 3291 3082 2742
1523 107 1888 1800 1663 1352
1401 107 1888 1800 1663 1352
2853 1684 3101 2742 3291 3082
2335 1912 2313 2047 2126 1960
1526 107 483 348 376 475
3837 3437 3836 3759 3918 3957
2228 1912 2313 2047 2126 1960
310 0 312 41 326 115
2501 1912 2543 2047 2384 2111
158 0 56 67 271 322
1774 107 1888 1800 1663 1352
2224 1912 2047 2384 2111 2199
1496 107 1472 917 1070 1703
954 107 896 1277 1104 1204
1813 107 1888 1800 1663 1352
4023 3980 4030 3982 3998 4023
2120 1912 2313 2047 2126 1960
2085 1912 2047 2384 2111 2199
1789 107 1888 1800 1663 1352
2876 1684 3101 3291 2742 3082
3601 3437 3793 3584 3593 3758
2753 1684 3101 2742 3291 3082
1388 107 1888 1800 1663 1352
1662 107 1888 1800 1663 1352
1266 107 1684 1431 1888 1800
1306 107 1472 917 1070 1703
1165 107 1684 1687 1888 1800
3979 3437 3830 3596 3938 3545
1954 1912 2384 2047 2111 2199
3738 3437 3793 3584 3758 3593
972 107 1888 1800 1663 1352
698 686 698 828 713 805
2002 1912 2047 2384 2111 2199
856 686 698 828 713 705
3731 3437 3830 3596 3545 3938
1718 1912 107 2047 2384 2111
3734 3437 3830 3596 3938 3545
2802 1684 3101 3291 2742 3082
460 348 376 483 107 475
343 0 312 41 326 115
3348 1684 2839 3363 2754 3426
1324 107 896 1277 483 1104
863 698 686 856 729 889
3586 3437 3830 3596 3938 3545
747 686 828 713 705 805
628 414 627 658 578 659
3508 3437 3521 3442 3629 3455
3506 3437 3584 3793 3593 3506
1449 107 1888 1800 1663 1352
## Evaluation:  testTotal: 500 predTotal: 500 correctPredict: 49 precisions(%): 9.8 recalls(%): 9.8
## The average running times for each target user : 2.28 seconds.
## The whole program's execution time: 229.615 seconds.
