3483 3437 3793
1183 107 1472
3913 3437 3830
475 348 107
2821 1684 2839
2149 1912 2047
2267 1912 2047
3114 1684 2839
238 0 56
3630 3437 3793
118 0 56
515 348 107
2828 1684 3101
519 348 376
1978 1912 2313
19 0 312
2562 1912 2313
2561 1912 2266
3495 3437 3830
3095 1684 2839
1107 107 1888
3804 3437 3830
2557 1912 2047
1985 1912 2266
2555 1912 2047
2676 1684 2839
1587 107 896
522 348 376
489 348 376
1069 107 1888
3004 1684 2839
526 107 348
804 686 698
2956 1684 2839
1867 107 1888
3541 3437 3628
3383 1684 3101
1118 107 1837
1359 107 1888
2447 1912 2171
1753 107 1888
2566 1912 2047
3015 1684 3101
777 686 828
3655 3437 3933
1638 107 896
3778 3437 3521
2187 1912 2047
3550 3437 3830
2181 1912 2313
3307 1684 3101
1523 107 1888
1401 107 1888
2853 1684 3101
2335 1912 2313
1526 107 483
3837 3437 3836
2228 1912 2313
310 0 312
2501 1912 2543
158 0 56
1774 107 1888
2224 1912 2047
1496 107 1472
954 107 896
1813 107 1888
4023 3980 4030
2120 1912 2313
2085 1912 2047
1789 107 1888
2876 1684 3101
3601 3437 3793
2753 1684 3101
1388 107 1888
1662 107 1888
1266 107 1684
1306 107 1472
1165 107 1684
3979 3437 3830
1954 1912 2384
3738 3437 3793
972 107 1888
698 686 698
2002 1912 2047
856 686 698
3731 3437 3830
1718 1912 107
3734 3437 3830
2802 1684 3101
460 348 376
343 0 312
3348 1684 2839
1324 107 896
863 698 686
3586 3437 3830
747 686 828
628 414 627
3508 3437 3521
3506 3437 3584
1449 107 1888
## Evaluation:  testTotal: 500 predTotal: 200 correctPredict: 24 precisions(%): 12.0 recalls(%): 4.8
## The average running times for each target user : 2.255 seconds.
## The whole program's execution time: 227.348 seconds.
